{
  "camera_angle_x": 0.9495082299936729,
  "camera_angle_y": 0.5657024259585174,
  "fl_x": 824.9649382247571,
  "fl_y": 825.7529221810321,
  "k1": 0.08265520527800756,
  "k2": -0.19885955843476524,
  "k3": 0,
  "k4": 0,
  "p1": 0.00127834198624705,
  "p2": -0.0002788970176730219,
  "is_fisheye": false,
  "cx": 429.72551725606854,
  "cy": 239.03258017540998,
  "w": 848.0,
  "h": 480.0,
  "aabb_scale": 32,
  "frames": [
    {
      "file_path": "./..\\..\\..\\Downloads\\images/0006.jpg",
      "sharpness": 816.2247215375106,
      "transform_matrix": [
        [
          -0.8286806351410559,
          -0.21593085919922952,
          0.5163935215055058,
          2.6180551990544467
        ],
        [
          0.5564800214727762,
          -0.21868864372861774,
          0.8015642599354174,
          3.9363841888598845
        ],
        [
          -0.060153060502965344,
          0.9516034579654388,
          0.30138425334698943,
          1.5556790730639174
        ],
        [
          0.0,
          0.0,
          0.0,
          1.0
        ]
      ]
    },
    {
      "file_path": "./..\\..\\..\\Downloads\\images/0012.jpg",
      "sharpness": 421.68688652669005,
      "transform_matrix": [
        [
          -0.46854679478980393,
          -0.39790811462013004,
          0.7887541020348569,
          3.561437395487409
        ],
        [
          0.881411713223398,
          -0.1501073699655235,
          0.4478628911560384,
          2.0262757035750836
        ],
        [
          -0.05981047482224921,
          0.905061826542983,
          0.4210532000844944,
          1.6448920517370504
        ],
        [
          0.0,
          0.0,
          0.0,
          1.0
        ]
      ]
    },
    {
      "file_path": "./..\\..\\..\\Downloads\\images/0005.jpg",
      "sharpness": 805.636479778906,
      "transform_matrix": [
        [
          -0.8511904441278454,
          -0.19131883186693385,
          0.48874526336699353,
          2.497277646442343
        ],
        [
          0.5225895474973076,
          -0.22246896278216333,
          0.8230478269488383,
          4.179130535488967
        ],
        [
          -0.048733897016519805,
          0.9559836113834496,
          0.2893446770082651,
          1.5220465773884864
        ],
        [
          0.0,
          0.0,
          0.0,
          1.0
        ]
      ]
    },
    {
      "file_path": "./..\\..\\..\\Downloads\\images/0003.jpg",
      "sharpness": 893.402508260183,
      "transform_matrix": [
        [
          -0.8715483937046589,
          -0.17925815732921194,
          0.4563659830957198,
          2.352773038485782
        ],
        [
          0.4877095036137719,
          -0.22122376155595164,
          0.8445113897443073,
          4.581634703277257
        ],
        [
          -0.0504265561424815,
          0.9586065722787648,
          0.2802331209631416,
          1.5220412844233862
        ],
        [
          0.0,
          0.0,
          0.0,
          1.0
        ]
      ]
    },
    {
      "file_path": "./..\\..\\..\\Downloads\\images/0007.jpg",
      "sharpness": 771.9399861227528,
      "transform_matrix": [
        [
          -0.765147860299793,
          -0.24220665791200352,
          0.5965607151052645,
          2.868353756284827
        ],
        [
          0.6419497691734637,
          -0.21576457496583185,
          0.7357622863724181,
          3.6447524438523784
        ],
        [
          -0.04948985526395776,
          0.9459289524669202,
          0.3205763110024873,
          1.5731905750944073
        ],
        [
          0.0,
          0.0,
          0.0,
          1.0
        ]
      ]
    },
    {
      "file_path": "./..\\..\\..\\Downloads\\images/0008.jpg",
      "sharpness": 709.2992446339664,
      "transform_matrix": [
        [
          -0.7315732583016921,
          -0.27460435280858786,
          0.6240136354452369,
          3.040428832047414
        ],
        [
          0.6780488530569995,
          -0.19765357999575575,
          0.7079426637680245,
          3.3552823884549103
        ],
        [
          -0.07106560799768871,
          0.9410236510291244,
          0.33079323999881194,
          1.584590430584221
        ],
        [
          0.0,
          0.0,
          0.0,
          1.0
        ]
      ]
    },
    {
      "file_path": "./..\\..\\..\\Downloads\\images/0004.jpg",
      "sharpness": 870.9944003346719,
      "transform_matrix": [
        [
          -0.8669818740636179,
          -0.18332233822422883,
          0.46339545791720577,
          2.461476466440484
        ],
        [
          0.4958826575993027,
          -0.22513632839981826,
          0.8386978141899019,
          4.4120382231111845
        ],
        [
          -0.04942489236821042,
          0.9569255739108511,
          0.28609548419182557,
          1.5174747461022493
        ],
        [
          0.0,
          0.0,
          0.0,
          1.0
        ]
      ]
    },
    {
      "file_path": "./..\\..\\..\\Downloads\\images/0009.jpg",
      "sharpness": 653.0227405729075,
      "transform_matrix": [
        [
          -0.6981794326082593,
          -0.2953348257016075,
          0.6521677856777107,
          3.1089300020376154
        ],
        [
          0.7112424768407247,
          -0.18213968615858614,
          0.678939816083532,
          3.0177265194286345
        ],
        [
          -0.08172893643883315,
          0.9378712467695024,
          0.3372208556669833,
          1.614449538878988
        ],
        [
          0.0,
          0.0,
          0.0,
          1.0
        ]
      ]
    },
    {
      "file_path": "./..\\..\\..\\Downloads\\images/0011.jpg",
      "sharpness": 513.9525726296392,
      "transform_matrix": [
        [
          -0.5315791218104174,
          -0.3596532664029199,
          0.7668592864966389,
          3.4718345673445596
        ],
        [
          0.8447570627261701,
          -0.1591458066505509,
          0.5109384671365197,
          2.3026210390725645
        ],
        [
          -0.06171824889957667,
          0.9194140200447795,
          0.38841822506551377,
          1.6513081884483614
        ],
        [
          0.0,
          0.0,
          0.0,
          1.0
        ]
      ]
    },
    {
      "file_path": "./..\\..\\..\\Downloads\\images/0001.jpg",
      "sharpness": 880.1136625453917,
      "transform_matrix": [
        [
          -0.8779826289877847,
          -0.17522496296034304,
          0.4454690961406895,
          2.118777967921731
        ],
        [
          0.47605288494122794,
          -0.22201975777177946,
          0.8509294200449952,
          4.879526766457052
        ],
        [
          -0.050201135289280975,
          0.9591680976640925,
          0.2783458397466893,
          1.525883425303646
        ],
        [
          0.0,
          0.0,
          0.0,
          1.0
        ]
      ]
    },
    {
      "file_path": "./..\\..\\..\\Downloads\\images/0002.jpg",
      "sharpness": 872.4151546352336,
      "transform_matrix": [
        [
          -0.8752839579197145,
          -0.17727984469948738,
          0.4499442740350004,
          2.184615521350134
        ],
        [
          0.48103756035502127,
          -0.223329152247267,
          0.847777656749825,
          4.771575303132167
        ],
        [
          -0.04980821804955544,
          0.9584862787133959,
          0.2807546882922009,
          1.5209887806313078
        ],
        [
          0.0,
          0.0,
          0.0,
          1.0
        ]
      ]
    },
    {
      "file_path": "./..\\..\\..\\Downloads\\images/0010.jpg",
      "sharpness": 588.5666278445735,
      "transform_matrix": [
        [
          -0.6133853130386512,
          -0.3139620011239244,
          0.7246973986871316,
          3.246616643746192
        ],
        [
          0.7878610095537985,
          -0.1792549437978717,
          0.5891881658255781,
          2.6598250028064254
        ],
        [
          -0.05507710410900753,
          0.932360191684246,
          0.35731076898220926,
          1.6206490302851464
        ],
        [
          0.0,
          0.0,
          0.0,
          1.0
        ]
      ]
    },
    {
      "file_path": "./..\\..\\..\\Downloads\\images/0017.jpg",
      "sharpness": 430.76316876191845,
      "transform_matrix": [
        [
          -0.05209530054782871,
          -0.49668168842006244,
          0.8663679242182193,
          4.132627399540563
        ],
        [
          0.9970108201187509,
          0.0236992577013279,
          0.073537539736922,
          0.4914861296988126
        ],
        [
          -0.05705702609900395,
          0.8676091548835294,
          0.4939623975569413,
          1.7910193179804506
        ],
        [
          0.0,
          0.0,
          0.0,
          1.0
        ]
      ]
    },
    {
      "file_path": "./..\\..\\..\\Downloads\\images/0014.jpg",
      "sharpness": 435.45385613168924,
      "transform_matrix": [
        [
          -0.26702806937739343,
          -0.47320161404157407,
          0.8395095250788938,
          4.004489693864931
        ],
        [
          0.9607592637340358,
          -0.06284701249033761,
          0.27017011339208197,
          1.5154649744512982
        ],
        [
          -0.07508426811453763,
          0.8787095569950671,
          0.47141475071577194,
          1.7293019311222004
        ],
        [
          0.0,
          0.0,
          0.0,
          1.0
        ]
      ]
    },
    {
      "file_path": "./..\\..\\..\\Downloads\\images/0019.jpg",
      "sharpness": 399.75303097073174,
      "transform_matrix": [
        [
          0.047439248878844466,
          -0.4948709963625781,
          0.8676705680672123,
          4.044835714555648
        ],
        [
          0.997694225631286,
          0.06568331332138329,
          -0.01708609063335332,
          -0.24622771259769985
        ],
        [
          -0.04853606708643244,
          0.8664804668167975,
          0.49684590255118566,
          1.8394751945000032
        ],
        [
          0.0,
          0.0,
          0.0,
          1.0
        ]
      ]
    },
    {
      "file_path": "./..\\..\\..\\Downloads\\images/0018.jpg",
      "sharpness": 384.6397516585456,
      "transform_matrix": [
        [
          0.005034580044105438,
          -0.49658761359211406,
          0.8679720013317407,
          4.1424705289611925
        ],
        [
          0.9989256103419145,
          0.042484398760008694,
          0.01851218153140021,
          0.11590471511897499
        ],
        [
          -0.0460681886661625,
          0.8669462601302914,
          0.49626797610192047,
          1.8007908007862379
        ],
        [
          0.0,
          0.0,
          0.0,
          1.0
        ]
      ]
    },
    {
      "file_path": "./..\\..\\..\\Downloads\\images/0015.jpg",
      "sharpness": 418.44913289276985,
      "transform_matrix": [
        [
          -0.23283300517822506,
          -0.48595714834547415,
          0.84239803046824,
          4.069285890790633
        ],
        [
          0.9687783308537286,
          -0.04001985975749094,
          0.24467724964383564,
          1.2151861320750201
        ],
        [
          -0.0851900074626065,
          0.8730658972048072,
          0.480102699254714,
          1.7432147401159348
        ],
        [
          0.0,
          0.0,
          0.0,
          1.0
        ]
      ]
    },
    {
      "file_path": "./..\\..\\..\\Downloads\\images/0032.jpg",
      "sharpness": 586.9226913073652,
      "transform_matrix": [
        [
          0.9679922053131307,
          -0.1214770557465245,
          0.21962334904407557,
          0.4181809660013946
        ],
        [
          0.25039160394810017,
          0.5273170835017528,
          -0.8119364126084755,
          -3.0284444869851654
        ],
        [
          -0.017179499029736447,
          0.84093996124651,
          0.5408556613894152,
          1.994948633392091
        ],
        [
          0.0,
          0.0,
          0.0,
          1.0
        ]
      ]
    },
    {
      "file_path": "./..\\..\\..\\Downloads\\images/0013.jpg",
      "sharpness": 444.46065105941136,
      "transform_matrix": [
        [
          -0.40861521062095213,
          -0.43113890565765445,
          0.8044581118633051,
          3.7374627773858977
        ],
        [
          0.9106162237033667,
          -0.13295592220922822,
          0.39128099350432455,
          1.8047082716435199
        ],
        [
          -0.061738989202614065,
          0.8924359735252483,
          0.44692989431840224,
          1.7035712584712372
        ],
        [
          0.0,
          0.0,
          0.0,
          1.0
        ]
      ]
    },
    {
      "file_path": "./..\\..\\..\\Downloads\\images/0022.jpg",
      "sharpness": 420.0919668847386,
      "transform_matrix": [
        [
          0.32175637060259155,
          -0.4683520670007786,
          0.8228725170874919,
          3.6666172095500116
        ],
        [
          0.9436776586186599,
          0.22940577873734497,
          -0.23842287076942437,
          -1.1672233357748627
        ],
        [
          -0.0771058662388958,
          0.8532404878341882,
          0.515786152758294,
          1.8888466590334714
        ],
        [
          0.0,
          0.0,
          0.0,
          1.0
        ]
      ]
    },
    {
      "file_path": "./..\\..\\..\\Downloads\\images/0023.jpg",
      "sharpness": 435.97445417839407,
      "transform_matrix": [
        [
          0.4268865114718653,
          -0.4541171373500222,
          0.7820137671125494,
          3.4185426666159313
        ],
        [
          0.9024797726817777,
          0.2688566501586062,
          -0.3365209674979513,
          -1.3851832328903557
        ],
        [
          -0.057429663385362956,
          0.8494078686300919,
          0.5246028083587668,
          1.903933179915272
        ],
        [
          0.0,
          0.0,
          0.0,
          1.0
        ]
      ]
    },
    {
      "file_path": "./..\\..\\..\\Downloads\\images/0020.jpg",
      "sharpness": 401.1889662158037,
      "transform_matrix": [
        [
          0.17343588734963808,
          -0.48760971971513484,
          0.8556615886457275,
          4.023637648293695
        ],
        [
          0.9826061057476478,
          0.14422834586055572,
          -0.11697617363287216,
          -0.6263967941644174
        ],
        [
          -0.06637193630831481,
          0.8610661679298064,
          0.5041426589592868,
          1.872099950677465
        ],
        [
          0.0,
          0.0,
          0.0,
          1.0
        ]
      ]
    },
    {
      "file_path": "./..\\..\\..\\Downloads\\images/0016.jpg",
      "sharpness": 437.50314364045687,
      "transform_matrix": [
        [
          -0.1961325076985083,
          -0.4832178907567172,
          0.8532482109806516,
          4.046763655785652
        ],
        [
          0.9780524168561929,
          -0.03399841377343192,
          0.2055664801047771,
          0.9114040479202221
        ],
        [
          -0.07032431519815234,
          0.8748397441695545,
          0.47928062007391403,
          1.7658822636475664
        ],
        [
          0.0,
          0.0,
          0.0,
          1.0
        ]
      ]
    },
    {
      "file_path": "./..\\..\\..\\Downloads\\images/0024.jpg",
      "sharpness": 480.91894842978104,
      "transform_matrix": [
        [
          0.5278226410432285,
          -0.43040692426298155,
          0.7322247873527566,
          3.1569058292881778
        ],
        [
          0.8481694194544275,
          0.312625700734705,
          -0.427637471630459,
          -1.7159366068154194
        ],
        [
          -0.04485415837741192,
          0.8467674124841666,
          0.5300689141010809,
          1.9460978536599818
        ],
        [
          0.0,
          0.0,
          0.0,
          1.0
        ]
      ]
    },
    {
      "file_path": "./..\\..\\..\\Downloads\\images/0026.jpg",
      "sharpness": 453.46825993605313,
      "transform_matrix": [
        [
          0.5843692722397953,
          -0.40092141614777876,
          0.7055314109245243,
          2.597706083098812
        ],
        [
          0.8089095229690884,
          0.3570466669363621,
          -0.4671006971516674,
          -2.086054441297793
        ],
        [
          -0.06463696570384904,
          0.8436703715078862,
          0.5329562523974376,
          1.9411705530170453
        ],
        [
          0.0,
          0.0,
          0.0,
          1.0
        ]
      ]
    },
    {
      "file_path": "./..\\..\\..\\Downloads\\images/0030.jpg",
      "sharpness": 494.49340755850886,
      "transform_matrix": [
        [
          0.8423525937950375,
          -0.25660092579221166,
          0.4739177910508434,
          1.1607662634525362
        ],
        [
          0.5366754685211107,
          0.4796918352036227,
          -0.6941723019010801,
          -2.7704148700979707
        ],
        [
          -0.049209239597698184,
          0.8390778915997481,
          0.5417810836785594,
          1.9991294947369005
        ],
        [
          0.0,
          0.0,
          0.0,
          1.0
        ]
      ]
    },
    {
      "file_path": "./..\\..\\..\\Downloads\\images/0027.jpg",
      "sharpness": 482.69253842281506,
      "transform_matrix": [
        [
          0.6624318586920748,
          -0.3773234198329844,
          0.6471561399696855,
          2.2908548050891575
        ],
        [
          0.7476511175679529,
          0.3871157592656686,
          -0.5395916931602757,
          -2.269432830082104
        ],
        [
          -0.0469237575110983,
          0.841289739524263,
          0.5385440884620435,
          1.9570456316136478
        ],
        [
          0.0,
          0.0,
          0.0,
          1.0
        ]
      ]
    },
    {
      "file_path": "./..\\..\\..\\Downloads\\images/0025.jpg",
      "sharpness": 439.2775927949667,
      "transform_matrix": [
        [
          0.5598634045776807,
          -0.41148599783283557,
          0.7191885996505802,
          2.9176039011786905
        ],
        [
          0.8264056954354766,
          0.34021383838538943,
          -0.44867379099174476,
          -1.9409276736670442
        ],
        [
          -0.06005493142245776,
          0.8455375910129175,
          0.5305276500438905,
          1.9438826937379219
        ],
        [
          0.0,
          0.0,
          0.0,
          1.0
        ]
      ]
    },
    {
      "file_path": "./..\\..\\..\\Downloads\\images/0028.jpg",
      "sharpness": 475.1831524340002,
      "transform_matrix": [
        [
          0.7655315180407136,
          -0.30977762521427304,
          0.5639142823763591,
          1.938190940586034
        ],
        [
          0.6407902363876682,
          0.4459248616292076,
          -0.6249311087881815,
          -2.5376097980044467
        ],
        [
          -0.05787372353648648,
          0.8397552266878124,
          0.5398720139437672,
          2.0040317378526677
        ],
        [
          0.0,
          0.0,
          0.0,
          1.0
        ]
      ]
    },
    {
      "file_path": "./..\\..\\..\\Downloads\\images/0029.jpg",
      "sharpness": 493.42049597424864,
      "transform_matrix": [
        [
          0.8046920959157656,
          -0.2845997139325758,
          0.5210313173556332,
          1.562440017471299
        ],
        [
          0.5912225907178746,
          0.464109944913722,
          -0.659589120026281,
          -2.666331076875505
        ],
        [
          -0.054096941123727926,
          0.8388116367293285,
          0.5417273844967572,
          1.9758764471651389
        ],
        [
          0.0,
          0.0,
          0.0,
          1.0
        ]
      ]
    },
    {
      "file_path": "./..\\..\\..\\Downloads\\images/0021.jpg",
      "sharpness": 380.23822564057724,
      "transform_matrix": [
        [
          0.2454099070301532,
          -0.47890738585238707,
          0.8428651691537876,
          3.928394890111467
        ],
        [
          0.9662376324379214,
          0.19122368802436837,
          -0.17267987375237734,
          -0.9580715698372042
        ],
        [
          -0.07847811922479908,
          0.8567853972710933,
          0.509666526163068,
          1.876126408941222
        ],
        [
          0.0,
          0.0,
          0.0,
          1.0
        ]
      ]
    },
    {
      "file_path": "./..\\..\\..\\Downloads\\images/0033.jpg",
      "sharpness": 572.0609069855544,
      "transform_matrix": [
        [
          0.9926904595962093,
          -0.061473898799215325,
          0.10385861186367229,
          0.1554110955693981
        ],
        [
          0.12059674455199239,
          0.5387572853206611,
          -0.8337847520297971,
          -3.0753547028129
        ],
        [
          -0.004698584318235632,
          0.8402151791812189,
          0.5422327692458773,
          1.9896165575506441
        ],
        [
          0.0,
          0.0,
          0.0,
          1.0
        ]
      ]
    },
    {
      "file_path": "./..\\..\\..\\Downloads\\images/0031.jpg",
      "sharpness": 549.3033074113121,
      "transform_matrix": [
        [
          0.931809655028138,
          -0.19278300910818713,
          0.3075150049358459,
          0.7246021938598336
        ],
        [
          0.36290136908726656,
          0.5083609018068979,
          -0.7809428851258472,
          -2.931335506183931
        ],
        [
          -0.005776085892148993,
          0.8392877366918908,
          0.5436568144846028,
          2.011688741615889
        ],
        [
          0.0,
          0.0,
          0.0,
          1.0
        ]
      ]
    },
    {
      "file_path": "./..\\..\\..\\Downloads\\images/0035.jpg",
      "sharpness": 593.1830273400561,
      "transform_matrix": [
        [
          0.9828769726588352,
          0.11067212560565164,
          -0.1473245984080326,
          -0.5395199735771966
        ],
        [
          -0.18390221883239571,
          0.5391711076739129,
          -0.8218725512865266,
          -3.3543570637648257
        ],
        [
          -0.01152521531654652,
          0.8348929256557241,
          0.5502917155174237,
          1.993976709407071
        ],
        [
          0.0,
          0.0,
          0.0,
          1.0
        ]
      ]
    },
    {
      "file_path": "./..\\..\\..\\Downloads\\images/0036.jpg",
      "sharpness": 561.45350124005,
      "transform_matrix": [
        [
          0.9584146923042375,
          0.16738915208432406,
          -0.23113232012209722,
          -0.8815512906959525
        ],
        [
          -0.28510394295815883,
          0.5260533971306157,
          -0.8012387690801457,
          -3.505082601904439
        ],
        [
          -0.012530735986502721,
          0.8338157441420511,
          0.5519006120142016,
          2.0182990919360533
        ],
        [
          0.0,
          0.0,
          0.0,
          1.0
        ]
      ]
    },
    {
      "file_path": "./..\\..\\..\\Downloads\\images/0034.jpg",
      "sharpness": 501.79493988110755,
      "transform_matrix": [
        [
          0.9970556124136926,
          0.06082782471568916,
          -0.046691343521810924,
          -0.21655863015383045
        ],
        [
          -0.07233882584628652,
          0.5441098926565274,
          -0.8358896571847866,
          -3.210293320336844
        ],
        [
          -0.025440127637252178,
          0.836806071022203,
          0.5469080356617193,
          1.9985965132980796
        ],
        [
          0.0,
          0.0,
          0.0,
          1.0
        ]
      ]
    },
    {
      "file_path": "./..\\..\\..\\Downloads\\images/0038.jpg",
      "sharpness": 545.209302836122,
      "transform_matrix": [
        [
          0.8550529541711733,
          0.3033463960535383,
          -0.4205536941100839,
          -1.6572487395937339
        ],
        [
          -0.5179132019493078,
          0.45971368552733266,
          -0.7214078198810363,
          -3.3854146992738925
        ],
        [
          -0.025502173564271292,
          0.8346521978596292,
          0.5501866481629344,
          2.025458026215632
        ],
        [
          0.0,
          0.0,
          0.0,
          1.0
        ]
      ]
    },
    {
      "file_path": "./..\\..\\..\\Downloads\\images/0037.jpg",
      "sharpness": 549.0292055072226,
      "transform_matrix": [
        [
          0.9045039075806439,
          0.24673651195910007,
          -0.347841594555281,
          -1.2985747917106598
        ],
        [
          -0.4262408497435622,
          0.4965748275272185,
          -0.7561297366697175,
          -3.4412374984103704
        ],
        [
          -0.013835433991357596,
          0.8321865982950821,
          0.5543230524247631,
          2.0338991332856695
        ],
        [
          0.0,
          0.0,
          0.0,
          1.0
        ]
      ]
    },
    {
      "file_path": "./..\\..\\..\\Downloads\\images/0039.jpg",
      "sharpness": 523.9516232348151,
      "transform_matrix": [
        [
          0.798677069764064,
          0.34851468176789746,
          -0.49056340557614747,
          -1.9966588841381396
        ],
        [
          -0.6007764998839568,
          0.41521912885724127,
          -0.6831256635628858,
          -3.3344967502496434
        ],
        [
          -0.034388013331533455,
          0.8403157690282296,
          0.5410054278163773,
          2.041806897670029
        ],
        [
          0.0,
          0.0,
          0.0,
          1.0
        ]
      ]
    },
    {
      "file_path": "./..\\..\\..\\Downloads\\images/0041.jpg",
      "sharpness": 493.86513270671645,
      "transform_matrix": [
        [
          0.6697726177283032,
          0.38936769106544405,
          -0.6322953754068575,
          -2.7224368699649926
        ],
        [
          -0.7425660741209991,
          0.3506064005087373,
          -0.5706757200782689,
          -2.949415646371663
        ],
        [
          -0.0005158818442662092,
          0.8517440655115407,
          0.52395780440506,
          1.9957944644643133
        ],
        [
          0.0,
          0.0,
          0.0,
          1.0
        ]
      ]
    },
    {
      "file_path": "./..\\..\\..\\Downloads\\images/0044.jpg",
      "sharpness": 580.3294132868435,
      "transform_matrix": [
        [
          0.4290291637315399,
          0.43005632766095697,
          -0.7943459773749381,
          -3.6098910897896364
        ],
        [
          -0.9013411411942882,
          0.26156423181746435,
          -0.34520761843321907,
          -2.027909154103012
        ],
        [
          0.05931377470539345,
          0.8640808456003797,
          0.4998461447904813,
          1.921720959552458
        ],
        [
          0.0,
          0.0,
          0.0,
          1.0
        ]
      ]
    },
    {
      "file_path": "./..\\..\\..\\Downloads\\images/0040.jpg",
      "sharpness": 507.51997242391985,
      "transform_matrix": [
        [
          0.7110204924732727,
          0.38005835348521294,
          -0.591612632804888,
          -2.38017272993983
        ],
        [
          -0.7031204498315645,
          0.37415615939166164,
          -0.6046724745000026,
          -3.1541193276447914
        ],
        [
          -0.00845531451843432,
          0.8459094611078342,
          0.5332594971773349,
          2.025256061444296
        ],
        [
          0.0,
          0.0,
          0.0,
          1.0
        ]
      ]
    },
    {
      "file_path": "./..\\..\\..\\Downloads\\images/0043.jpg",
      "sharpness": 515.5365593876923,
      "transform_matrix": [
        [
          0.5261361803870181,
          0.40022924450675046,
          -0.7503314411608201,
          -3.2602696848717034
        ],
        [
          -0.8486165267020345,
          0.3042180939391403,
          -0.4327832505171951,
          -2.3485096608608798
        ],
        [
          0.05505188746288014,
          0.8644465878358221,
          0.49970129730765633,
          1.9417588322117294
        ],
        [
          0.0,
          0.0,
          0.0,
          1.0
        ]
      ]
    },
    {
      "file_path": "./..\\..\\..\\Downloads\\images/0042.jpg",
      "sharpness": 498.87676170502135,
      "transform_matrix": [
        [
          0.6315040466896773,
          0.38563851591164633,
          -0.6726704795999169,
          -2.9459265092189173
        ],
        [
          -0.7750460139785981,
          0.33912822973769163,
          -0.533193885946644,
          -2.648484497180938
        ],
        [
          0.022501450073896572,
          0.8580646705804884,
          0.5130484440200029,
          1.9619530595148353
        ],
        [
          0.0,
          0.0,
          0.0,
          1.0
        ]
      ]
    },
    {
      "file_path": "./..\\..\\..\\Downloads\\images/0045.jpg",
      "sharpness": 555.2286363908764,
      "transform_matrix": [
        [
          0.3871404969528397,
          0.44002043647338784,
          -0.810249499333407,
          -3.845983515210812
        ],
        [
          -0.9204139743249597,
          0.23629217064519153,
          -0.31145485380570576,
          -1.6913568071630247
        ],
        [
          0.05440911224832858,
          0.8663417487569849,
          0.4964792270883188,
          1.8814418508821904
        ],
        [
          0.0,
          0.0,
          0.0,
          1.0
        ]
      ]
    },
    {
      "file_path": "./..\\..\\..\\Downloads\\images/0048.jpg",
      "sharpness": 857.1800234492961,
      "transform_matrix": [
        [
          0.0663551647719402,
          0.42954231385922126,
          -0.9006055700348037,
          -4.491476484953192
        ],
        [
          -0.9973763351629653,
          0.05473074610852286,
          -0.04738134113038807,
          -0.5508483280017816
        ],
        [
          0.028938523894596353,
          0.9013866795664883,
          0.4320470064704525,
          1.872674225589431
        ],
        [
          0.0,
          0.0,
          0.0,
          1.0
        ]
      ]
    },
    {
      "file_path": "./..\\..\\..\\Downloads\\images/0046.jpg",
      "sharpness": 617.449158723043,
      "transform_matrix": [
        [
          0.2206945062286851,
          0.4617137081265351,
          -0.8591358371722603,
          -4.1845681501569025
        ],
        [
          -0.9746094071024065,
          0.1385522675161199,
          -0.17589705157749158,
          -1.3597190384147448
        ],
        [
          0.037821138412208605,
          0.8761413818318621,
          0.48056824759459055,
          1.909391490354423
        ],
        [
          0.0,
          0.0,
          0.0,
          1.0
        ]
      ]
    },
    {
      "file_path": "./..\\..\\..\\Downloads\\images/0047.jpg",
      "sharpness": 658.8595694448055,
      "transform_matrix": [
        [
          0.12201393972388334,
          0.44635706737501585,
          -0.88649758430725,
          -4.466775908160444
        ],
        [
          -0.991752747490698,
          0.09013282393657232,
          -0.09111839492598459,
          -0.9984354736733915
        ],
        [
          0.03923119114348107,
          0.8903041292268186,
          0.453673308878003,
          1.9101842858844336
        ],
        [
          0.0,
          0.0,
          0.0,
          1.0
        ]
      ]
    },
    {
      "file_path": "./..\\..\\..\\Downloads\\images/0049.jpg",
      "sharpness": 810.2820188684108,
      "transform_matrix": [
        [
          -0.06634692306836854,
          0.4231353679074491,
          -0.9036340776499888,
          -4.569525637917655
        ],
        [
          -0.9956993237211343,
          0.03061092068168759,
          0.08744042701355353,
          -0.07019402757104047
        ],
        [
          0.06466020833057816,
          0.9055492432915987,
          0.4192846592684207,
          1.8549535449467955
        ],
        [
          0.0,
          0.0,
          0.0,
          1.0
        ]
      ]
    },
    {
      "file_path": "./..\\..\\..\\Downloads\\images/0051.jpg",
      "sharpness": 845.3856741744698,
      "transform_matrix": [
        [
          -0.21538264382186978,
          0.40692452997490597,
          -0.8877064513171921,
          -4.34431222435179
        ],
        [
          -0.975309760794664,
          -0.04421380653034727,
          0.2163700760520502,
          0.7071399066016673
        ],
        [
          0.048797410203835725,
          0.9123911257140801,
          0.40640035253524137,
          1.7929731026530342
        ],
        [
          0.0,
          0.0,
          0.0,
          1.0
        ]
      ]
    },
    {
      "file_path": "./..\\..\\..\\Downloads\\images/0050.jpg",
      "sharpness": 825.0249223639379,
      "transform_matrix": [
        [
          -0.1305706668117241,
          0.4179417729226973,
          -0.8990416984098859,
          -4.562040456381539
        ],
        [
          -0.9890108982715059,
          0.008518116497494546,
          0.1475970351719204,
          0.3372120838889651
        ],
        [
          0.0693451084810469,
          0.9084338810297335,
          0.41223675211240485,
          1.8232942147511693
        ],
        [
          0.0,
          0.0,
          0.0,
          1.0
        ]
      ]
    },
    {
      "file_path": "./..\\..\\..\\Downloads\\images/0052.jpg",
      "sharpness": 809.7839224716658,
      "transform_matrix": [
        [
          -0.3342680503121568,
          0.39898161228808443,
          -0.8538609627226604,
          -4.140323911503103
        ],
        [
          -0.9405505970631025,
          -0.0833056496144268,
          0.3292791264361848,
          1.0798132704861645
        ],
        [
          0.06024487457830992,
          0.9131669298999877,
          0.4031088107313594,
          1.782153992242877
        ],
        [
          0.0,
          0.0,
          0.0,
          1.0
        ]
      ]
    },
    {
      "file_path": "./..\\..\\..\\Downloads\\images/0053.jpg",
      "sharpness": 812.7661550286539,
      "transform_matrix": [
        [
          -0.4341172085072039,
          0.38415617361377546,
          -0.8148412628343596,
          -3.894963509255014
        ],
        [
          -0.8992191313483104,
          -0.13027723068435504,
          0.417651525775284,
          1.4376541838950723
        ],
        [
          0.05428814887638519,
          0.9140305670510144,
          0.4019961684558111,
          1.783668353661773
        ],
        [
          0.0,
          0.0,
          0.0,
          1.0
        ]
      ]
    },
    {
      "file_path": "./..\\..\\..\\Downloads\\images/0054.jpg",
      "sharpness": 836.4212073645494,
      "transform_matrix": [
        [
          -0.47762877555214617,
          0.36623001061118343,
          -0.7985902154155456,
          -3.48254083520673
        ],
        [
          -0.8780246814186459,
          -0.16720043100196064,
          0.4484603379257309,
          1.6908226364670242
        ],
        [
          0.030715006105807487,
          0.9153794815614519,
          0.40141872552408964,
          1.7660450606952873
        ],
        [
          0.0,
          0.0,
          0.0,
          1.0
        ]
      ]
    },
    {
      "file_path": "./..\\..\\..\\Downloads\\images/0055.jpg",
      "sharpness": 802.3315475480828,
      "transform_matrix": [
        [
          -0.5503882351748569,
          0.3523813191717208,
          -0.7569017086419227,
          -3.0861326127516335
        ],
        [
          -0.8339406196440845,
          -0.18837973373641345,
          0.5187061970181724,
          1.9267704639421432
        ],
        [
          0.040197431629208316,
          0.9167008682656057,
          0.3975470848549592,
          1.7480485587101953
        ],
        [
          0.0,
          0.0,
          0.0,
          1.0
        ]
      ]
    },
    {
      "file_path": "./..\\..\\..\\Downloads\\images/0056.jpg",
      "sharpness": 705.8419603785289,
      "transform_matrix": [
        [
          -0.6368392965278562,
          0.3324247386552472,
          -0.6956504176618125,
          -2.6886306334322287
        ],
        [
          -0.769795929220267,
          -0.22381919228370412,
          0.5977618225693184,
          2.1626528848287045
        ],
        [
          0.04301090305280159,
          0.9161870782526961,
          0.39843606755230754,
          1.7289235793421918
        ],
        [
          0.0,
          0.0,
          0.0,
          1.0
        ]
      ]
    },
    {
      "file_path": "./..\\..\\..\\Downloads\\images/0057.jpg",
      "sharpness": 747.2184669776555,
      "transform_matrix": [
        [
          -0.7025052328846405,
          0.3096569377604087,
          -0.6407799768498558,
          -2.2664887849394697
        ],
        [
          -0.7107551420899463,
          -0.25941669979530113,
          0.6538578621229788,
          2.3115055502820687
        ],
        [
          0.03624259642627001,
          0.9147762331984682,
          0.4023318499008999,
          1.7020836364989622
        ],
        [
          0.0,
          0.0,
          0.0,
          1.0
        ]
      ]
    },
    {
      "file_path": "./..\\..\\..\\Downloads\\images/0060.jpg",
      "sharpness": 497.12112426655835,
      "transform_matrix": [
        [
          -0.8735604762105188,
          0.25631575139236246,
          -0.4137563655778335,
          -1.1353974174497028
        ],
        [
          -0.4864557043947764,
          -0.4320133324527852,
          0.7594243400397684,
          2.9062132787166983
        ],
        [
