{
  "camera_angle_x": 1.063098924628375,
  "camera_angle_y": 0.6408799681552599,
  "fl_x": 1088.4348255431128,
  "fl_y": 1084.736679113513,
  "k1": 0.15090237309373886,
  "k2": -0.27104226315550034,
  "k3": 0,
  "k4": 0,
  "p1": 0.0012370822301550665,
  "p2": -0.0006929879899428164,
  "is_fisheye": false,
  "cx": 643.810029382191,
  "cy": 351.690885355099,
  "w": 1280.0,
  "h": 720.0,
  "aabb_scale": 32,
  "frames": [
    {
      "file_path": "./images/0012.jpg",
      "sharpness": 970.7573542371206,
      "transform_matrix": [
        [
          0.04189599294238859,
          0.014607888682587946,
          0.9990151827497508,
          3.6034613165537976
        ],
        [
          0.9991042814263201,
          0.005338529449018373,
          -0.04197779101999523,
          -0.5400654565741372
        ],
        [
          -0.005946478871487042,
          0.9998790475314844,
          -0.014371141133253853,
          0.029921592863800875
        ],
        [
          0.0,
          0.0,
          0.0,
          1.0
        ]
      ]
    },
    {
      "file_path": "./images/0011.jpg",
      "sharpness": 1182.2500458258685,
      "transform_matrix": [
        [
          0.023203373317469782,
          0.01825582844021983,
          0.9995640690798969,
          3.7393788078692767
        ],
        [
          0.999683498545594,
          0.009298735857604623,
          -0.023375975853261108,
          -0.6645344190547653
        ],
        [
          -0.009721430055926275,
          0.9997901070926443,
          -0.018034288404482533,
          0.0194484956274893
        ],
        [
          0.0,
          0.0,
          0.0,
          1.0
        ]
      ]
    },
    {
      "file_path": "./images/0007.jpg",
      "sharpness": 1391.049892310173,
      "transform_matrix": [
        [
          -0.0030272030207373016,
          -0.019449071254239947,
          0.999806266068646,
          4.318173346177108
        ],
        [
          0.9999948985876939,
          0.0009601705842554518,
          0.0030464522049942597,
          -0.36363418521350543
        ],
        [
          -0.001019235232640962,
          0.9998103878739737,
          0.01944606540521546,
          -0.04111515844281052
        ],
        [
          0.0,
          0.0,
          0.0,
          1.0
        ]
      ]
    },
    {
      "file_path": "./images/0004.jpg",
      "sharpness": 1518.9217900707936,
      "transform_matrix": [
        [
          -0.07686373753692774,
          -0.019843518511170007,
          0.9968441205253008,
          4.460400780359725
        ],
        [
          0.9968840580933318,
          -0.019302611210375624,
          0.07648257265437435,
          0.3190408954940295
        ],
        [
          0.017724011149599716,
          0.9996167485463953,
          0.021265358102117014,
          -0.036130759771652955
        ],
        [
          0.0,
          0.0,
          0.0,
          1.0
        ]
      ]
    },
    {
      "file_path": "./images/0006.jpg",
      "sharpness": 1494.619337604004,
      "transform_matrix": [
        [
          -0.026389409208422518,
          -0.026901190482720123,
          0.9992897102608194,
          4.372628323701894
        ],
        [
          0.9996165818491227,
          -0.009093828534707808,
          0.026153232589062065,
          -0.12216048399200138
        ],
        [
          0.008383816189992494,
          0.9995967328048362,
          0.027130856840482512,
          -0.04859303014894791
        ],
        [
          0.0,
          0.0,
          0.0,
          1.0
        ]
      ]
    },
    {
      "file_path": "./images/0010.jpg",
      "sharpness": 1136.5376550215246,
      "transform_matrix": [
        [
          0.014054063498655909,
          0.014610085846093692,
          0.999794493229311,
          3.8860415550938305
        ],
        [
          0.9997887094453759,
          0.014795210684270726,
          -0.014270185925823608,
          -0.7437762662966348
        ],
        [
          -0.015000658809717345,
          0.9997838001954656,
          -0.014399066042519396,
          0.003767492691749188
        ],
        [
          0.0,
          0.0,
          0.0,
          1.0
        ]
      ]
    },
    {
      "file_path": "./images/0001.jpg",
      "sharpness": 1591.9569014788538,
      "transform_matrix": [
        [
          -0.1192529756776544,
          0.010746686724110876,
          0.9928057395671059,
          4.590110351263323
        ],
        [
          0.9926068322555359,
          -0.021462724404620805,
          0.1194614080812783,
          0.8919474343459294
        ],
        [
          0.022592130303925182,
          0.9997118885891547,
          -0.008107740915061841,
          -0.03221802255216213
        ],
        [
          0.0,
          0.0,
          0.0,
          1.0
        ]
      ]
    },
    {
      "file_path": "./images/0009.jpg",
      "sharpness": 1250.433278367215,
      "transform_matrix": [
        [
          0.012026616642985695,
          0.006147646096297185,
          0.9999087793096462,
          4.049750545900186
        ],
        [
          0.9997934973218755,
          0.016307518362770567,
          -0.012125492061804143,
          -0.6790822835808922
        ],
        [
          -0.016380574013626987,
          0.9998481241134733,
          -0.005950252319166611,
          -0.009476505427949308
        ],
        [
          0.0,
          0.0,
          0.0,
          1.0
        ]
      ]
    },
    {
      "file_path": "./images/0008.jpg",
      "sharpness": 1156.2012451605146,
      "transform_matrix": [
        [
          0.00936540803813588,
          -0.0064183316987719155,
          0.999935544998473,
          4.2144377949921354
        ],
        [
          0.9998909795796521,
          0.0114760693087292,
          -0.00929132867060103,
          -0.5600794548768826
        ],
        [
          -0.011415694789334149,
          0.999913548689253,
          0.006525110041302396,
          -0.03058575481393194
        ],
        [
          0.0,
          0.0,
          0.0,
          1.0
        ]
      ]
    },
    {
      "file_path": "./images/0005.jpg",
      "sharpness": 1286.5573877596805,
      "transform_matrix": [
        [
          -0.05323876346508951,
          -0.026870813905902485,
          0.9982202128917508,
          4.425658643351269
        ],
        [
          0.9984622234508733,
          -0.0169026526708834,
          0.052796672946557655,
          0.09181604473944975
        ],
        [
          0.015453879973966795,
          0.9994960028402471,
          0.027729368925899806,
          -0.03582678616510251
        ],
        [
          0.0,
          0.0,
          0.0,
          1.0
        ]
      ]
    },
    {
      "file_path": "./images/0002.jpg",
      "sharpness": 1463.4449747799893,
      "transform_matrix": [
        [
          -0.10740463491289629,
          0.0022415052017594464,
          0.9942128645589773,
          4.579881199867536
        ],
        [
          0.9940048569766368,
          -0.020336329153508307,
          0.10742801321543731,
          0.7040419109034735
        ],
        [
          0.020459440512760815,
          0.9997906827791004,
          -4.3851049286199576e-05,
          -0.04005675704826837
        ],
        [
          0.0,
          0.0,
          0.0,
          1.0
        ]
      ]
    },
    {
      "file_path": "./images/0003.jpg",
      "sharpness": 1202.828883118946,
      "transform_matrix": [
        [
          -0.09366727048669446,
          -0.00884400396779802,
          0.995564275189854,
          4.52223747359583
        ],
        [
          0.9954331213605819,
          -0.019333799092832844,
          0.0934831808988469,
          0.5186655153528
        ],
        [
          0.018421274057730603,
          0.9997739683585308,
          0.010614558664154377,
          -0.042487197522801376
        ],
        [
          0.0,
          0.0,
          0.0,
          1.0
        ]
      ]
    },
    {
      "file_path": "./images/0014.jpg",
      "sharpness": 1012.149113294583,
      "transform_matrix": [
        [
          0.08727101782958868,
          0.004072177079437899,
          0.9961762830050367,
          3.4702032278846318
        ],
        [
          0.9961645273331279,
          0.005992300285366273,
          -0.08729448333346115,
          -0.19063989309263743
        ],
        [
          -0.006324866019118085,
          0.9999737545116039,
          -0.003533604210510567,
          0.04422579521346838
        ],
        [
          0.0,
          0.0,
          0.0,
          1.0
        ]
      ]
    },
    {
      "file_path": "./images/0013.jpg",
      "sharpness": 920.9832239247069,
      "transform_matrix": [
        [
          0.06623620046966065,
          0.007556298517926217,
          0.9977753595378873,
          3.4893547311791973
        ],
        [
          0.9977911355470358,
          0.004570580707674519,
          -0.06627186141758443,
          -0.4051812190543796
        ],
        [
          -0.005061182777106776,
          0.9999610053125134,
          -0.007236869778717655,
          0.040252993326464606
        ],
        [
          0.0,
          0.0,
          0.0,
          1.0
        ]
      ]
    },
    {
      "file_path": "./images/0016.jpg",
      "sharpness": 1091.4138834546304,
      "transform_matrix": [
        [
          0.09649643331258231,
          0.00392561297155815,
          0.9953255889012688,
          3.398537259952011
        ],
        [
          0.9953025849926117,
          0.007479259652481432,
          -0.09652370165962222,
          0.15654499107451006
        ],
        [
          -0.007823213213449394,
          0.9999643244830075,
          -0.0031854508579891565,
          0.05617710479536956
        ],
        [
          0.0,
          0.0,
          0.0,
          1.0
        ]
      ]
    },
    {
      "file_path": "./images/0018.jpg",
      "sharpness": 1323.3427572332484,
      "transform_matrix": [
        [
          0.07671840047622128,
          0.015074635233985627,
          0.9969388358379073,
          3.4754916478010194
        ],
        [
          0.9969468343193217,
          0.013417547495793054,
          -0.07692190169178749,
          0.40294818249065306
        ],
        [
          -0.01453604378976395,
          0.9997963416579746,
          -0.013999237092849472,
          0.06527661260608011
        ],
        [
          0.0,
          0.0,
          0.0,
          1.0
        ]
      ]
    },
    {
      "file_path": "./images/0015.jpg",
      "sharpness": 905.6062164868944,
      "transform_matrix": [
        [
          0.09815703830190352,
          0.001027373612839903,
          0.9951704076871297,
          3.418847524046765
        ],
        [
          0.9951465753668617,
          0.00689588619051327,
          -0.0981618066727306,
          -0.010231726298931333
        ],
        [
          -0.006963430721541389,
          0.9999756953336499,
          -0.0003455075675120919,
          0.04612844501747271
        ],
        [
          0.0,
          0.0,
          0.0,
          1.0
        ]
      ]
    },
    {
      "file_path": "./images/0017.jpg",
      "sharpness": 967.9647957592698,
      "transform_matrix": [
        [
          0.08654371893333515,
          0.010061189622343548,
          0.9961972481278397,
          3.4473834545386275
        ],
        [
          0.9961902234037167,
          0.009900136496458328,
          -0.08664309604466322,
          0.3411516488800909
        ],
        [
          -0.010734221352634054,
          0.9999003749182436,
          -0.009166064107238392,
          0.06267480088014821
        ],
        [
          0.0,
          0.0,
          0.0,
          1.0
        ]
      ]
    }
  ]
}